14 16
5 5 5 5 5  5 5  5  5  5  5  5 5 5 5 5
5 4 4 4 4  4 4  8  3  3  3  3 3 3 3 5
5 4 8 8 8  8 8  8  8  8  8  8 8 3 3 5
5 4 8 3 5  5 5  5  5  5  5  5 8 3 3 5
5 4 8 5 6  5 12 12 12 12 12 5 8 3 3 5
5 4 8 5 5  5 12 11 11 11 12 5 8 3 3 5
5 4 8 5 10 5 12 11 11 11 12 5 8 3 3 5
5 4 8 5 10 5 12 11 11 11 12 5 8 3 3 5
5 4 8 5 6  5 12 12 12 12 12 5 8 3 3 5
5 4 8 5 7  5 5  5  5  5  5  5 7 3 3 5
5 4 8 5 5  5 5  5  5  5  5  5 8 3 3 5
5 4 8 8 8  8 8  8  8  8  8  8 8 3 3 5
5 4 4 4 4  4 4  8  3  3  3  3 3 3 3 5
5 5 5 5 5  5 5  5  5  5  5  5 5 5 4 5

Expected answer: 34 + 22 + 88 + 9 = 153


3 6
3 3 4 5 4 2
3 1 3 2 1 3
6 3 1 4 3 1

Expected answer: 5